    accuracy2_mean2 = [
        0.984087794,
        0.9830651537,
        0.9819033227,
        0.9803180937,
        0.9788462034,
        0.9788462034,
        0.9788462034,
        0.9777751188,
        0.9777751188,
        0.9776996573,
        0.977578238,
        0.9769740687,
        0.976726057,
        0.9766337434,
        0.9759154363,
        0.9753425562,
    ]

    timeliness1_mean2 = [
        1,
        0.8012820513,
        0.8515625,
        0.9134615385,
        0.765,
        0.765,
        0.765,
        0.765,
        0.765,
        0.7659574468,
        0.7659574468,
        0.765,
        0.7659574468,
        0.7865853659,
        0.7865853659,
        0.8382352941,
    ]

    timeliness2_mean2 = [
        1,
        0.9006410256,
        0.919921875,
        0.9375,
        0.8566666667,
        0.8566666667,
        0.8566666667,
        0.82625,
        0.82625,
        0.7659574468,
        0.8311170213,
        0.7875,
        0.789893617,
        0.7865853659,
        0.8109756098,
        0.8382352941,
    ]